7.845320000000000071e+00 3.459999999999999881e-02
1.559257350000000031e+01 6.460000000000000464e-02
2.343789350000000127e+01 7.839999999999999747e-02
3.128321349999999867e+01 1.262000000000000066e-01
3.903046700000000158e+01 1.419999999999999873e-01
4.687578700000000254e+01 1.711000000000000021e-01
5.472110699999999639e+01 1.937000000000000111e-01
6.256642699999999735e+01 2.260000000000000064e-01
7.031368050000000380e+01 2.260000000000000064e-01
7.825706699999999216e+01 2.454999999999999960e-01
8.600432049999999151e+01 2.582999999999999741e-01
8.757338450000000307e+01 2.582999999999999741e-01
9.384964050000000668e+01 2.710000000000000187e-01
1.015968939999999918e+02 2.773999999999999799e-01
1.095402804999999944e+02 2.837999999999999967e-01
1.179739995000000050e+02 2.904999999999999805e-01
